rg5425	2012	6	29	0	1	7.391565975
rg5425	2012	6	29	0	6	7.391565975
rg5425	2012	6	29	0	11	7.391565975
rg5425	2012	6	29	0	16	10.40678406
rg5425	2012	6	29	0	21	10.40678406
rg5425	2012	6	29	0	26	10.40678406
rg5425	2012	6	29	0	31	8.270225133
rg5425	2012	6	29	0	36	8.270225133
rg5425	2012	6	29	0	41	8.270225133
rg5425	2012	6	29	0	46	6.798852219
rg5425	2012	6	29	0	51	6.798852219
rg5425	2012	6	29	0	56	6.798852219
rg5425	2012	6	29	1	1	8.412336564
rg5425	2012	6	29	1	6	8.412336564
rg5425	2012	6	29	1	11	8.412336564
rg5425	2012	6	29	1	16	8.620098915
rg5425	2012	6	29	1	21	8.620098915
rg5425	2012	6	29	1	26	8.620098915
rg5425	2012	6	29	1	31	6.959787189
rg5425	2012	6	29	1	36	6.959787189
rg5425	2012	6	29	1	41	6.959787189
rg5425	2012	6	29	1	46	8.214125268
rg5425	2012	6	29	1	51	8.214125268
rg5425	2012	6	29	1	56	8.214125268
rg5425	2012	6	29	2	1	13.33121778
rg5425	2012	6	29	2	6	13.33121778
rg5425	2012	6	29	2	11	13.33121778
rg5425	2012	6	29	2	16	12.17557079
rg5425	2012	6	29	2	21	12.17557079
rg5425	2012	6	29	2	26	12.17557079
rg5425	2012	6	29	2	31	14.02019942
rg5425	2012	6	29	2	36	14.02019942
rg5425	2012	6	29	2	41	14.02019942
rg5425	2012	6	29	2	46	9.858313041
rg5425	2012	6	29	2	51	9.858313041
rg5425	2012	6	29	2	56	9.858313041
rg5425	2012	6	29	3	1	15.07205024
rg5425	2012	6	29	3	6	15.07205024
rg5425	2012	6	29	3	11	15.07205024
rg5425	2012	6	29	3	16	9.837138996
rg5425	2012	6	29	3	21	9.837138996
rg5425	2012	6	29	3	26	9.837138996
rg5425	2012	6	29	3	31	16.34632613
rg5425	2012	6	29	3	36	16.34632613
rg5425	2012	6	29	3	41	16.34632613
rg5425	2012	6	29	3	46	12.02675981
rg5425	2012	6	29	3	51	12.02675981
rg5425	2012	6	29	3	56	12.02675981
rg5425	2012	6	29	4	1	10.66326836
rg5425	2012	6	29	4	6	10.66326836
rg5425	2012	6	29	4	11	10.66326836
rg5425	2012	6	29	4	16	16.15301541
rg5425	2012	6	29	4	21	16.15301541
rg5425	2012	6	29	4	26	16.15301541
rg5425	2012	6	29	4	31	12.26731547
rg5425	2012	6	29	4	36	12.26731547
rg5425	2012	6	29	4	41	12.26731547
rg5425	2012	6	29	4	46	13.77849041
rg5425	2012	6	29	4	51	13.77849041
rg5425	2012	6	29	4	56	13.77849041
rg5425	2012	6	29	5	1	16.27748736
rg5425	2012	6	29	5	6	16.27748736
rg5425	2012	6	29	5	11	16.27748736
rg5425	2012	6	29	5	16	17.26526079
rg5425	2012	6	29	5	21	17.26526079
rg5425	2012	6	29	5	26	17.26526079
rg5425	2012	6	29	5	31	13.26799961
rg5425	2012	6	29	5	36	13.26799961
rg5425	2012	6	29	5	41	13.26799961
rg5425	2012	6	29	5	46	10.49093073
rg5425	2012	6	29	5	51	10.49093073
rg5425	2012	6	29	5	56	10.49093073
rg5425	2012	6	29	6	1	12.13147617
rg5425	2012	6	29	6	6	12.13147617
rg5425	2012	6	29	6	11	12.13147617
rg5425	2012	6	29	6	16	17.13792466
rg5425	2012	6	29	6	21	17.13792466
rg5425	2012	6	29	6	26	17.13792466
rg5425	2012	6	29	6	31	18.4039205
rg5425	2012	6	29	6	36	18.4039205
rg5425	2012	6	29	6	41	18.4039205
rg5425	2012	6	29	6	46	14.71442767
rg5425	2012	6	29	6	51	14.71442767
rg5425	2012	6	29	6	56	14.71442767
rg5425	2012	6	29	7	1	17.91453383
rg5425	2012	6	29	7	6	17.91453383
rg5425	2012	6	29	7	11	17.91453383
rg5425	2012	6	29	7	16	14.47007372
rg5425	2012	6	29	7	21	14.47007372
rg5425	2012	6	29	7	26	14.47007372
rg5425	2012	6	29	7	31	17.65348561
rg5425	2012	6	29	7	36	17.65348561
rg5425	2012	6	29	7	41	17.65348561
rg5425	2012	6	29	7	46	15.31560485
rg5425	2012	6	29	7	51	15.31560485
rg5425	2012	6	29	7	56	15.31560485
rg5425	2012	6	29	8	1	10.09018037
rg5425	2012	6	29	8	6	10.09018037
rg5425	2012	6	29	8	11	10.09018037
rg5425	2012	6	29	8	16	12.59922185
rg5425	2012	6	29	8	21	12.59922185
rg5425	2012	6	29	8	26	12.59922185
rg5425	2012	6	29	8	31	13.31039798
rg5425	2012	6	29	8	36	13.31039798
rg5425	2012	6	29	8	41	13.31039798
rg5425	2012	6	29	8	46	14.8550542
rg5425	2012	6	29	8	51	14.8550542
rg5425	2012	6	29	8	56	14.8550542
rg5425	2012	6	29	9	1	12.41545231
rg5425	2012	6	29	9	6	12.41545231
rg5425	2012	6	29	9	11	12.41545231
rg5425	2012	6	29	9	16	15.22147655
rg5425	2012	6	29	9	21	15.22147655
rg5425	2012	6	29	9	26	15.22147655
rg5425	2012	6	29	9	31	8.457123558
rg5425	2012	6	29	9	36	8.457123558
rg5425	2012	6	29	9	41	8.457123558
rg5425	2012	6	29	9	46	9.553712505
rg5425	2012	6	29	9	51	9.553712505
rg5425	2012	6	29	9	56	9.553712505
rg5425	2012	6	29	10	1	10.76929712
rg5425	2012	6	29	10	6	10.76929712
rg5425	2012	6	29	10	11	10.76929712
rg5425	2012	6	29	10	16	8.18095503
rg5425	2012	6	29	10	21	8.18095503
rg5425	2012	6	29	10	26	8.18095503
rg5425	2012	6	29	10	31	8.868762417
rg5425	2012	6	29	10	36	8.868762417
rg5425	2012	6	29	10	41	8.868762417
rg5425	2012	6	29	10	46	8.53545996
rg5425	2012	6	29	10	51	8.53545996
rg5425	2012	6	29	10	56	8.53545996
rg5425	2012	6	29	11	1	12.1156077
rg5425	2012	6	29	11	6	12.1156077
rg5425	2012	6	29	11	11	12.1156077
rg5425	2012	6	29	11	16	9.686114355
rg5425	2012	6	29	11	21	9.686114355
rg5425	2012	6	29	11	26	9.686114355
rg5425	2012	6	29	11	31	13.13905766
rg5425	2012	6	29	11	36	13.13905766
rg5425	2012	6	29	11	41	13.13905766
rg5425	2012	6	29	11	46	11.44105057
rg5425	2012	6	29	11	51	11.44105057
rg5425	2012	6	29	11	56	11.44105057
rg5425	2012	6	29	12	1	9.25096635
rg5425	2012	6	29	12	6	9.25096635
rg5425	2012	6	29	12	11	9.25096635
rg5425	2012	6	29	12	16	12.9487965
rg5425	2012	6	29	12	21	12.9487965
rg5425	2012	6	29	12	26	12.9487965
rg5425	2012	6	29	12	31	8.212724268
rg5425	2012	6	29	12	36	8.212724268
rg5425	2012	6	29	12	41	8.212724268
rg5425	2012	6	29	12	46	12.56846205
rg5425	2012	6	29	12	51	12.56846205
rg5425	2012	6	29	12	56	12.56846205
rg5425	2012	6	29	13	1	16.36041082
rg5425	2012	6	29	13	6	16.36041082
rg5425	2012	6	29	13	11	16.36041082
rg5425	2012	6	29	13	16	11.47859843
rg5425	2012	6	29	13	21	11.47859843
rg5425	2012	6	29	13	26	11.47859843
rg5425	2012	6	29	13	31	13.47947974
rg5425	2012	6	29	13	36	13.47947974
rg5425	2012	6	29	13	41	13.47947974
rg5425	2012	6	29	13	46	17.09024611
rg5425	2012	6	29	13	51	17.09024611
rg5425	2012	6	29	13	56	17.09024611
rg5425	2012	6	29	14	1	11.4646383
rg5425	2012	6	29	14	6	11.4646383
rg5425	2012	6	29	14	11	11.4646383
rg5425	2012	6	29	14	16	17.11592803
rg5425	2012	6	29	14	21	17.11592803
rg5425	2012	6	29	14	26	17.11592803
rg5425	2012	6	29	14	31	11.2307288
rg5425	2012	6	29	14	36	11.2307288
rg5425	2012	6	29	14	41	11.2307288
rg5425	2012	6	29	14	46	18.37864994
rg5425	2012	6	29	14	51	18.37864994
rg5425	2012	6	29	14	56	18.37864994
rg5425	2012	6	29	15	1	12.78829756
rg5425	2012	6	29	15	6	12.78829756
rg5425	2012	6	29	15	11	12.78829756
rg5425	2012	6	29	15	16	18.96092595
rg5425	2012	6	29	15	21	18.96092595
rg5425	2012	6	29	15	26	18.96092595
rg5425	2012	6	29	15	31	19.01273871
rg5425	2012	6	29	15	36	19.01273871
rg5425	2012	6	29	15	41	19.01273871
rg5425	2012	6	29	15	46	12.85478361
rg5425	2012	6	29	15	51	12.85478361
rg5425	2012	6	29	15	56	12.85478361
rg5425	2012	6	29	16	1	21.87599585
rg5425	2012	6	29	16	6	21.87599585
rg5425	2012	6	29	16	11	21.87599585
rg5425	2012	6	29	16	16	14.26529822
rg5425	2012	6	29	16	21	14.26529822
rg5425	2012	6	29	16	26	14.26529822
rg5425	2012	6	29	16	31	20.82621557
rg5425	2012	6	29	16	36	20.82621557
rg5425	2012	6	29	16	41	20.82621557
rg5425	2012	6	29	16	46	21.75093106
rg5425	2012	6	29	16	51	21.75093106
rg5425	2012	6	29	16	56	21.75093106
rg5425	2012	6	29	17	1	18.37291398
rg5425	2012	6	29	17	6	18.37291398
rg5425	2012	6	29	17	11	18.37291398
rg5425	2012	6	29	17	16	23.873138
rg5425	2012	6	29	17	21	23.873138
rg5425	2012	6	29	17	26	23.873138
rg5425	2012	6	29	17	31	13.91866243
rg5425	2012	6	29	17	36	13.91866243
rg5425	2012	6	29	17	41	13.91866243
rg5425	2012	6	29	17	46	14.63182825
rg5425	2012	6	29	17	51	14.63182825
rg5425	2012	6	29	17	56	14.63182825
rg5425	2012	6	29	18	1	24.36249061
rg5425	2012	6	29	18	6	24.36249061
rg5425	2012	6	29	18	11	24.36249061
rg5425	2012	6	29	18	16	13.57241718
rg5425	2012	6	29	18	21	13.57241718
rg5425	2012	6	29	18	26	13.57241718
rg5425	2012	6	29	18	31	23.26044946
rg5425	2012	6	29	18	36	23.26044946
rg5425	2012	6	29	18	41	23.26044946
rg5425	2012	6	29	18	46	24.50450056
rg5425	2012	6	29	18	51	24.50450056
rg5425	2012	6	29	18	56	24.50450056
rg5425	2012	6	29	19	1	14.9043105
rg5425	2012	6	29	19	6	14.9043105
rg5425	2012	6	29	19	11	14.9043105
rg5425	2012	6	29	19	16	19.44519418
rg5425	2012	6	29	19	21	19.44519418
rg5425	2012	6	29	19	26	19.44519418
rg5425	2012	6	29	19	31	17.02385773
rg5425	2012	6	29	19	36	17.02385773
rg5425	2012	6	29	19	41	17.02385773
rg5425	2012	6	29	19	46	21.48642834
rg5425	2012	6	29	19	51	21.48642834
rg5425	2012	6	29	19	56	21.48642834
rg5425	2012	6	29	20	1	14.83746215
rg5425	2012	6	29	20	6	14.83746215
rg5425	2012	6	29	20	11	14.83746215
rg5425	2012	6	29	20	16	19.83861803
rg5425	2012	6	29	20	21	19.83861803
rg5425	2012	6	29	20	26	19.83861803
rg5425	2012	6	29	20	31	12.06311176
rg5425	2012	6	29	20	36	12.06311176
rg5425	2012	6	29	20	41	12.06311176
rg5425	2012	6	29	20	46	18.25183
rg5425	2012	6	29	20	51	18.25183
rg5425	2012	6	29	20	56	18.25183
rg5425	2012	6	29	21	1	17.91012628
rg5425	2012	6	29	21	6	17.91012628
rg5425	2012	6	29	21	11	17.91012628
rg5425	2012	6	29	21	16	10.59036257
rg5425	2012	6	29	21	21	10.59036257
rg5425	2012	6	29	21	26	10.59036257
rg5425	2012	6	29	21	31	8.976171273
rg5425	2012	6	29	21	36	8.976171273
rg5425	2012	6	29	21	41	8.976171273
rg5425	2012	6	29	21	46	12.66416764
rg5425	2012	6	29	21	51	12.66416764
rg5425	2012	6	29	21	56	12.66416764
rg5425	2012	6	29	22	1	7.885089318
rg5425	2012	6	29	22	6	7.885089318
rg5425	2012	6	29	22	11	7.885089318
rg5425	2012	6	29	22	16	13.69130171
rg5425	2012	6	29	22	21	13.69130171
rg5425	2012	6	29	22	26	13.69130171
rg5425	2012	6	29	22	31	13.66869932
rg5425	2012	6	29	22	36	13.66869932
rg5425	2012	6	29	22	41	13.66869932
rg5425	2012	6	29	22	46	11.7439623
rg5425	2012	6	29	22	51	11.7439623
rg5425	2012	6	29	22	56	11.7439623
rg5425	2012	6	29	23	1	8.249682351
rg5425	2012	6	29	23	6	8.249682351
rg5425	2012	6	29	23	11	8.249682351
rg5425	2012	6	29	23	16	10.28380406
rg5425	2012	6	29	23	21	10.28380406
rg5425	2012	6	29	23	26	10.28380406
rg5425	2012	6	29	23	31	12.24810776
rg5425	2012	6	29	23	36	12.24810776
rg5425	2012	6	29	23	41	12.24810776
rg5425	2012	6	29	23	46	11.86062701
rg5425	2012	6	29	23	51	11.86062701
rg5425	2012	6	29	23	56	11.86062701
rg5425	2012	6	30	0	1	9.959358213
rg5425	2012	6	30	0	6	9.959358213
rg5425	2012	6	30	0	11	9.959358213
rg5425	2012	6	30	0	16	11.09249822
rg5425	2012	6	30	0	21	11.09249822
rg5425	2012	6	30	0	26	11.09249822
rg5425	2012	6	30	0	31	11.3681259
rg5425	2012	6	30	0	36	11.3681259
rg5425	2012	6	30	0	41	11.3681259
rg5425	2012	6	30	0	46	9.734810028
rg5425	2012	6	30	0	51	9.734810028
rg5425	2012	6	30	0	56	9.734810028
rg5425	2012	6	30	1	1	6.341657655
rg5425	2012	6	30	1	6	6.341657655
rg5425	2012	6	30	1	11	6.341657655
rg5425	2012	6	30	1	16	8.055839418
rg5425	2012	6	30	1	21	8.055839418
rg5425	2012	6	30	1	26	8.055839418
rg5425	2012	6	30	1	31	9.376586274
rg5425	2012	6	30	1	36	9.376586274
rg5425	2012	6	30	1	41	9.376586274
rg5425	2012	6	30	1	46	9.574180761
rg5425	2012	6	30	1	51	9.574180761
rg5425	2012	6	30	1	56	9.574180761
rg5425	2012	6	30	2	1	12.82154345
rg5425	2012	6	30	2	6	12.82154345
rg5425	2012	6	30	2	11	12.82154345
rg5425	2012	6	30	2	16	7.510551942
rg5425	2012	6	30	2	21	7.510551942
rg5425	2012	6	30	2	26	7.510551942
rg5425	2012	6	30	2	31	9.712437138
rg5425	2012	6	30	2	36	9.712437138
rg5425	2012	6	30	2	41	9.712437138
rg5425	2012	6	30	2	46	8.806577997
rg5425	2012	6	30	2	51	8.806577997
rg5425	2012	6	30	2	56	8.806577997
rg5425	2012	6	30	3	1	9.611435559
rg5425	2012	6	30	3	6	9.611435559
rg5425	2012	6	30	3	11	9.611435559
rg5425	2012	6	30	3	16	13.71393149
rg5425	2012	6	30	3	21	13.71393149
rg5425	2012	6	30	3	26	13.71393149
rg5425	2012	6	30	3	31	10.51533422
rg5425	2012	6	30	3	36	10.51533422
rg5425	2012	6	30	3	41	10.51533422
rg5425	2012	6	30	3	46	10.35963665
rg5425	2012	6	30	3	51	10.35963665
rg5425	2012	6	30	3	56	10.35963665
rg5425	2012	6	30	4	1	9.766371066
rg5425	2012	6	30	4	6	9.766371066
rg5425	2012	6	30	4	11	9.766371066
rg5425	2012	6	30	4	16	10.68755504
rg5425	2012	6	30	4	21	10.68755504
rg5425	2012	6	30	4	26	10.68755504
rg5425	2012	6	30	4	31	16.23555065
rg5425	2012	6	30	4	36	16.23555065
rg5425	2012	6	30	4	41	16.23555065
rg5425	2012	6	30	4	46	12.50578825
rg5425	2012	6	30	4	51	12.50578825
rg5425	2012	6	30	4	56	12.50578825
rg5425	2012	6	30	5	1	15.27166824
rg5425	2012	6	30	5	6	15.27166824
rg5425	2012	6	30	5	11	15.27166824
rg5425	2012	6	30	5	16	17.83583259
rg5425	2012	6	30	5	21	17.83583259
rg5425	2012	6	30	5	26	17.83583259
rg5425	2012	6	30	5	31	13.10402552
rg5425	2012	6	30	5	36	13.10402552
rg5425	2012	6	30	5	41	13.10402552
rg5425	2012	6	30	5	46	14.61586677
rg5425	2012	6	30	5	51	14.61586677
rg5425	2012	6	30	5	56	14.61586677
rg5425	2012	6	30	6	1	17.62095458
rg5425	2012	6	30	6	6	17.62095458
rg5425	2012	6	30	6	11	17.62095458
rg5425	2012	6	30	6	16	11.9592826
rg5425	2012	6	30	6	21	11.9592826
rg5425	2012	6	30	6	26	11.9592826
rg5425	2012	6	30	6	31	14.22169479
rg5425	2012	6	30	6	36	14.22169479
rg5425	2012	6	30	6	41	14.22169479
rg5425	2012	6	30	6	46	10.94710136
rg5425	2012	6	30	6	51	10.94710136
rg5425	2012	6	30	6	56	10.94710136
rg5425	2012	6	30	7	1	15.29459133
rg5425	2012	6	30	7	6	15.29459133
rg5425	2012	6	30	7	11	15.29459133
rg5425	2012	6	30	7	16	10.23995552
rg5425	2012	6	30	7	21	10.23995552
rg5425	2012	6	30	7	26	10.23995552
rg5425	2012	6	30	7	31	9.981224619
rg5425	2012	6	30	7	36	9.981224619
rg5425	2012	6	30	7	41	9.981224619
rg5425	2012	6	30	7	46	14.32890188
rg5425	2012	6	30	7	51	14.32890188
rg5425	2012	6	30	7	56	14.32890188
rg5425	2012	6	30	8	1	10.94970399
rg5425	2012	6	30	8	6	10.94970399
rg5425	2012	6	30	8	11	10.94970399
rg5425	2012	6	30	8	16	8.649109986
rg5425	2012	6	30	8	21	8.649109986
rg5425	2012	6	30	8	26	8.649109986
rg5425	2012	6	30	8	31	7.193466252
rg5425	2012	6	30	8	36	7.193466252
rg5425	2012	6	30	8	41	7.193466252
rg5425	2012	6	30	8	46	8.045673009
rg5425	2012	6	30	8	51	8.045673009
rg5425	2012	6	30	8	56	8.045673009
rg5425	2012	6	30	9	1	8.778253029
rg5425	2012	6	30	9	6	8.778253029
rg5425	2012	6	30	9	11	8.778253029
rg5425	2012	6	30	9	16	12.97251111
rg5425	2012	6	30	9	21	12.97251111
rg5425	2012	6	30	9	26	12.97251111
rg5425	2012	6	30	9	31	11.56724702
rg5425	2012	6	30	9	36	11.56724702
rg5425	2012	6	30	9	41	11.56724702
rg5425	2012	6	30	9	46	10.63484643
rg5425	2012	6	30	9	51	10.63484643
rg5425	2012	6	30	9	56	10.63484643
rg5425	2012	6	30	10	1	11.44930506
rg5425	2012	6	30	10	6	11.44930506
rg5425	2012	6	30	10	11	11.44930506
rg5425	2012	6	30	10	16	8.635017114
rg5425	2012	6	30	10	21	8.635017114
rg5425	2012	6	30	10	26	8.635017114
rg5425	2012	6	30	10	31	10.09491461
rg5425	2012	6	30	10	36	10.09491461
rg5425	2012	6	30	10	41	10.09491461
rg5425	2012	6	30	10	46	8.540011098
rg5425	2012	6	30	10	51	8.540011098
rg5425	2012	6	30	10	56	8.540011098
rg5425	2012	6	30	11	1	10.21255982
rg5425	2012	6	30	11	6	10.21255982
rg5425	2012	6	30	11	11	10.21255982
rg5425	2012	6	30	11	16	7.831530138
rg5425	2012	6	30	11	21	7.831530138
rg5425	2012	6	30	11	26	7.831530138
rg5425	2012	6	30	11	31	9.851467188
rg5425	2012	6	30	11	36	9.851467188
rg5425	2012	6	30	11	41	9.851467188
rg5425	2012	6	30	11	46	5.198900619
rg5425	2012	6	30	11	51	5.198900619
rg5425	2012	6	30	11	56	5.198900619
rg5425	2012	6	30	12	1	10.0124061
rg5425	2012	6	30	12	6	10.0124061
rg5425	2012	6	30	12	11	10.0124061
rg5425	2012	6	30	12	16	6.300251634
rg5425	2012	6	30	12	21	6.300251634
rg5425	2012	6	30	12	26	6.300251634
rg5425	2012	6	30	12	31	5.041861548
rg5425	2012	6	30	12	36	5.041861548
rg5425	2012	6	30	12	41	5.041861548
rg5425	2012	6	30	12	46	5.559933225
rg5425	2012	6	30	12	51	5.559933225
rg5425	2012	6	30	12	56	5.559933225
rg5425	2012	6	30	13	1	7.131993783
rg5425	2012	6	30	13	6	7.131993783
rg5425	2012	6	30	13	11	7.131993783
rg5425	2012	6	30	13	16	9.214076733
rg5425	2012	6	30	13	21	9.214076733
rg5425	2012	6	30	13	26	9.214076733
rg5425	2012	6	30	13	31	6.351128169
rg5425	2012	6	30	13	36	6.351128169
rg5425	2012	6	30	13	41	6.351128169
rg5425	2012	6	30	13	46	9.10458126
rg5425	2012	6	30	13	51	9.10458126
rg5425	2012	6	30	13	56	9.10458126
rg5425	2012	6	30	14	1	6.170500251
rg5425	2012	6	30	14	6	6.170500251
rg5425	2012	6	30	14	11	6.170500251
rg5425	2012	6	30	14	16	9.375029316
rg5425	2012	6	30	14	21	9.375029316
rg5425	2012	6	30	14	26	9.375029316
rg5425	2012	6	30	14	31	6.9920097
rg5425	2012	6	30	14	36	6.9920097
rg5425	2012	6	30	14	41	6.9920097
rg5425	2012	6	30	14	46	6.289927584
rg5425	2012	6	30	14	51	6.289927584
rg5425	2012	6	30	14	56	6.289927584
rg5425	2012	6	30	15	1	11.17483751
rg5425	2012	6	30	15	6	11.17483751
rg5425	2012	6	30	15	11	11.17483751
rg5425	2012	6	30	15	16	10.5342764
rg5425	2012	6	30	15	21	10.5342764
rg5425	2012	6	30	15	26	10.5342764
rg5425	2012	6	30	15	31	12.68353707
rg5425	2012	6	30	15	36	12.68353707
rg5425	2012	6	30	15	41	12.68353707
rg5425	2012	6	30	15	46	13.26127877
rg5425	2012	6	30	15	51	13.26127877
rg5425	2012	6	30	15	56	13.26127877
rg5425	2012	6	30	16	1	10.60742439
rg5425	2012	6	30	16	6	10.60742439
rg5425	2012	6	30	16	11	10.60742439
rg5425	2012	6	30	16	16	13.55185271
rg5425	2012	6	30	16	21	13.55185271
rg5425	2012	6	30	16	26	13.55185271
rg5425	2012	6	30	16	31	10.79904289
rg5425	2012	6	30	16	36	10.79904289
rg5425	2012	6	30	16	41	10.79904289
rg5425	2012	6	30	16	46	14.15826448
rg5425	2012	6	30	16	51	14.15826448
rg5425	2012	6	30	16	56	14.15826448
rg5425	2012	6	30	17	1	7.836907236
rg5425	2012	6	30	17	6	7.836907236
rg5425	2012	6	30	17	11	7.836907236
rg5425	2012	6	30	17	16	8.781135918
rg5425	2012	6	30	17	21	8.781135918
rg5425	2012	6	30	17	26	8.781135918
rg5425	2012	6	30	17	31	13.71496422
rg5425	2012	6	30	17	36	13.71496422
rg5425	2012	6	30	17	41	13.71496422
rg5425	2012	6	30	17	46	11.03173814
rg5425	2012	6	30	17	51	11.03173814
rg5425	2012	6	30	17	56	11.03173814
rg5425	2012	6	30	18	1	11.06463301
rg5425	2012	6	30	18	6	11.06463301
rg5425	2012	6	30	18	11	11.06463301
rg5425	2012	6	30	18	16	12.65218574
rg5425	2012	6	30	18	21	12.65218574
rg5425	2012	6	30	18	26	12.65218574
rg5425	2012	6	30	18	31	7.983333054
rg5425	2012	6	30	18	36	7.983333054
rg5425	2012	6	30	18	41	7.983333054
rg5425	2012	6	30	18	46	10.60321059
rg5425	2012	6	30	18	51	10.60321059
rg5425	2012	6	30	18	56	10.60321059
rg5425	2012	6	30	19	1	7.884554085
rg5425	2012	6	30	19	6	7.884554085
rg5425	2012	6	30	19	11	7.884554085
rg5425	2012	6	30	19	16	12.27002085
rg5425	2012	6	30	19	21	12.27002085
rg5425	2012	6	30	19	26	12.27002085
rg5425	2012	6	30	19	31	10.73588014
rg5425	2012	6	30	19	36	10.73588014
rg5425	2012	6	30	19	41	10.73588014
rg5425	2012	6	30	19	46	7.385537379
rg5425	2012	6	30	19	51	7.385537379
rg5425	2012	6	30	19	56	7.385537379
rg5425	2012	6	30	20	1	9.394884417
rg5425	2012	6	30	20	6	9.394884417
rg5425	2012	6	30	20	11	9.394884417
rg5425	2012	6	30	20	16	9.31141251
rg5425	2012	6	30	20	21	9.31141251
rg5425	2012	6	30	20	26	9.31141251
rg5425	2012	6	30	20	31	10.54750514
rg5425	2012	6	30	20	36	10.54750514
rg5425	2012	6	30	20	41	10.54750514
rg5425	2012	6	30	20	46	7.564234398
rg5425	2012	6	30	20	51	7.564234398
rg5425	2012	6	30	20	56	7.564234398
rg5425	2012	6	30	21	1	6.567843087
rg5425	2012	6	30	21	6	6.567843087
rg5425	2012	6	30	21	11	6.567843087
rg5425	2012	6	30	21	16	8.736019275
rg5425	2012	6	30	21	21	8.736019275
rg5425	2012	6	30	21	26	8.736019275
rg5425	2012	6	30	21	31	10.09012124
rg5425	2012	6	30	21	36	10.09012124
rg5425	2012	6	30	21	41	10.09012124
rg5425	2012	6	30	21	46	9.250716288
rg5425	2012	6	30	21	51	9.250716288
rg5425	2012	6	30	21	56	9.250716288
rg5425	2012	6	30	22	1	10.68692547
rg5425	2012	6	30	22	6	10.68692547
rg5425	2012	6	30	22	11	10.68692547
rg5425	2012	6	30	22	16	6.925187256
rg5425	2012	6	30	22	21	6.925187256
rg5425	2012	6	30	22	26	6.925187256
rg5425	2012	6	30	22	31	6.634298628
rg5425	2012	6	30	22	36	6.634298628
rg5425	2012	6	30	22	41	6.634298628
rg5425	2012	6	30	22	46	6.612349251
rg5425	2012	6	30	22	51	6.612349251
rg5425	2012	6	30	22	56	6.612349251
rg5425	2012	6	30	23	1	9.542431578
rg5425	2012	6	30	23	6	9.542431578
rg5425	2012	6	30	23	11	9.542431578
rg5425	2012	6	30	23	16	8.842287543
rg5425	2012	6	30	23	21	8.842287543
rg5425	2012	6	30	23	26	8.842287543
rg5425	2012	6	30	23	31	9.692050509
rg5425	2012	6	30	23	36	9.692050509
rg5425	2012	6	30	23	41	9.692050509
rg5425	2012	6	30	23	46	8.711249112
rg5425	2012	6	30	23	51	8.711249112
rg5425	2012	6	30	23	56	8.711249112
rg5425	2012	7	1	0	1	8.468464014
rg5425	2012	7	1	0	6	8.468464014
rg5425	2012	7	1	0	11	8.468464014
rg5425	2012	7	1	0	16	0.0
